.Random.seed <-
c(403L, 252L, -657617774L, 1311525148L, -1117968338L, -203564089L, 
-591735661L, -17845065L, 1603261961L, 31184895L, -1412149081L, 
-1121611793L, -750670811L, 1349091616L, -834936374L, -1748867492L, 
749065186L, -212715138L, -167332796L, -720967958L, -511486692L, 
1392303365L, -1870412027L, 1618747845L, -1151038701L, 1852865181L, 
-1839551847L, -1150921419L, 1506757779L, -25310018L, -1958062980L, 
-2097522174L, -219720604L, -1846019516L, -909290866L, -689225232L, 
1346811962L, -405219437L, -1189039105L, -2042763093L, -2111538011L, 
-642699869L, -655062965L, 449080515L, 848757761L, 1396295548L, 
2130902214L, 1573214232L, -2023289202L, -1723394598L, -1020823456L, 
888362638L, 1710452968L, 213461537L, 185926689L, -1589055911L, 
-686585745L, 1673277409L, 353221581L, 1795884393L, -1749600449L, 
848866490L, 1863495880L, 2140963214L, 1366402368L, 322514304L, 
1751559578L, -1464263596L, -1579352410L, -558370081L, 1173190315L, 
388154783L, 1885228657L, 427038279L, 1235980511L, 337849591L, 
708926925L, -2013013176L, -897490686L, 546112580L, 407644794L, 
1401243686L, -1703380100L, -2070197150L, -1651196204L, -1551994867L, 
-678707187L, -1354358947L, 316714059L, 305253109L, -1233120335L, 
-838149091L, -1803294245L, -776465642L, -1402559772L, 219391018L, 
-605331796L, -33924340L, -905956938L, 1321396008L, -921442414L, 
-1033276437L, -940530217L, 210115955L, 951833517L, -297266613L, 
-1454007773L, -2044574517L, 119908009L, -595401180L, -1638292130L, 
1751508544L, -510180282L, 564631490L, -787234472L, -1808918810L, 
-1230956554L, 361485673L, 612980036L, 559885412L, 1213440671L, 
161519347L, -550136862L, -1065921002L, -1966295307L, -1197712578L, 
1631972601L, 592271663L, -1820561076L, -1775413698L, -54584367L, 
1313269639L, 844903616L, 624877135L, -1686271146L, 1091353994L, 
-1617203063L, 918988397L, -87472792L, 837298000L, 130805423L, 
-1972439340L, 859194507L, -1750183171L, -1937515058L, 885838048L, 
-933895201L, -661482231L, -2033168246L, -45573595L, 2064097832L, 
2093174128L, 2039687595L, -829260201L, -192237442L, 359447090L, 
-628118175L, -1111856686L, 1656341301L, -1717737349L, -1494741408L, 
-687496558L, -1130021251L, -765108261L, -634833564L, 147234091L, 
-996858230L, -1088056666L, -1067558827L, 479609441L, 186673716L, 
1128627980L, -2111943685L, -438411880L, 2048835735L, 1614471977L, 
567890674L, 886021812L, -2138825173L, -1454290563L, -173824402L, 
223505905L, -417973348L, -996851140L, 1094803591L, 1561277371L, 
779667642L, 1955996318L, -899338979L, 1213868006L, -618862255L, 
1277331271L, 1632315124L, 1727250598L, 1186410105L, -566070929L, 
-1526893016L, -712321193L, 512404462L, -978734846L, -292006095L, 
2137653717L, 717898448L, -378056760L, -1087079833L, -1566081124L, 
1996099171L, 345505061L, -1778845610L, -1383963016L, -1969988825L, 
2104363681L, 902769250L, 1004513677L, -1736513088L, -1430577752L, 
-973656333L, 1833717023L, -1235730122L, -204052038L, 307312777L, 
-1153459622L, -1104837459L, -284433805L, -223943032L, -1611455558L, 
1188247557L, -2083019487L, 1319137396L, 203340776L, -1705872425L, 
-1499068560L, -1555899800L, -128147393L, -1350637230L, -2055451121L, 
-1097555968L, 941694626L, 1409942249L, -1867645248L, 625038064L, 
-319872905L, -835674562L, -438904203L, 1390610648L, 828184532L, 
1476728975L, -1562188720L, 2131566232L, -1676275469L, 384344390L, 
1146846143L, -1644981076L, 477126682L, 2047385469L, 420274376L, 
-545840456L, -957219973L, -785248326L, 500638489L, 1214005780L, 
1610210728L, 638666431L, 1008629072L, -1014702168L, -1983515929L, 
-1172935398L, 238792183L, 496770048L, 871783738L, -315509551L, 
2101392328L, 2136450424L, 1665905047L, 776318070L, 804384085L, 
2008231424L, 1194237932L, -1981877353L, 387763344L, 266593944L, 
615067635L, -1282704314L, 43957639L, -1630270012L, -2106057223L, 
-1542082131L, 741813225L, -617125323L, 1410983903L, 785772463L, 
400304957L, 1195306216L, -340109887L, 1627585025L, 2015917195L, 
1001566395L, 1403857597L, 501308041L, 1694960665L, 1288326426L, 
-1815082067L, -1766674747L, -2133967387L, 256688201L, -1005268737L, 
703997727L, 1325818965L, 919642544L, 1298011033L, 62751629L, 
1629875127L, 1426638815L, -1746157859L, -1084441999L, 1468160517L, 
1286181850L, 734847785L, 941322613L, 1206584729L, 272091781L, 
-1752902033L, 1702083815L, -1032577875L, -1795445104L, 870015001L, 
-1951440191L, 197705299L, 592847747L, -1610825955L, 554814313L, 
245937065L, -1541031310L, 453954717L, 1606828453L, -1774815435L, 
2019275353L, -174848297L, 2002650991L, -1754513155L, 755777088L, 
316034729L, 1916421757L, 2098459593L, -848455129L, 564265800L, 
1824714956L, 841648189L, 1819125840L, 1796792366L, 55778042L, 
229135931L, 976377257L, 367228918L, 1350126566L, -225096455L, 
-2047467154L, 103849762L, -1389764310L, -1127507675L, -1563978509L, 
-1307389672L, 626325668L, -596014823L, 791584968L, 1826833106L, 
-699511670L, -323371441L, 1573510765L, 1349075390L, -1219238674L, 
-3483815L, 823154670L, 1540033282L, 110324798L, 1345402481L, 
286091951L, 2084890544L, 1687074628L, 1492174541L, -1740060848L, 
648674526L, -2081957998L, 1911672747L, 111544985L, 503727366L, 
-1548674690L, -692075415L, -1854077914L, 623919722L, 1313526602L, 
782490637L, -1747286021L, -1256665928L, -1355886108L, -919890583L, 
598890640L, -312995422L, -771778870L, 1529513151L, 957078429L, 
899079942L, 234956126L, 887116833L, 1611449086L, 1438027122L, 
1980274062L, 201331689L, -2017467417L, -1338848424L, -87319524L, 
1617972973L, 689956624L, -627404674L, -59895222L, 730840955L, 
-618428519L, -1506514666L, 1456299862L, 1701445721L, 1331308478L, 
-636948974L, 443432074L, 1177833237L, 1306622563L, 852656424L, 
-1253576284L, -980836055L, 730494840L, -2084037134L, 1334909066L, 
2139147775L, 1064718765L, 1130025198L, 1525366638L, -1908032951L, 
-465728930L, 155198002L, -418872226L, -624910799L, -716037041L, 
-1594313888L, -1863865644L, -1674069939L, 1817084608L, 35465662L, 
1200265154L, -548832421L, 1716611129L, -1114636842L, -287716466L, 
-1262979527L, -673674730L, -1051026214L, -619699686L, -973333603L, 
1255388267L, 863005688L, -662838316L, 1661914409L, -510856288L, 
48588146L, -1177842502L, 217980447L, 178552525L, -951042954L, 
-1474694674L, -323508303L, -648435618L, 1768651378L, -524878210L, 
-565998007L, 1785090087L, -1705150424L, -1837696244L, -516897891L, 
-1542555760L, -1914189138L, 2016133818L, 1082290043L, 663848873L, 
-901306186L, 151788838L, 1125800857L, -1257866098L, 2132280386L, 
477294314L, -2073080731L, 1755889075L, -1199093736L, 969830500L, 
1671755609L, -1532276568L, 1680923314L, 1597448618L, -790962961L, 
1883063725L, 1843261726L, 1781307342L, -89495943L, 2055366094L, 
-1393039454L, 2145534462L, -1643573711L, 1246111215L, 1655753456L, 
748915492L, -1225464595L, 617847120L, 2004833054L, 304542002L, 
1940906283L, -1320738279L, 16837606L, -388206818L, -1428373559L, 
1224010790L, -1788423766L, -1447789590L, 349660333L, -530430693L, 
-301498184L, -384918524L, 1600625129L, 1726658320L, -895864062L, 
-1511945430L, 151647935L, -975276547L, 1608582534L, 1291789470L, 
78872481L, -140813986L, -151491630L, -265923954L, 1261686601L, 
647012935L, -481727368L, -773122852L, 199652237L, -45411152L, 
1966750142L, -31645366L, 530449563L, 448915929L, -1163045194L, 
-457422570L, 1784144793L, -1598107682L, -90136398L, 453548074L, 
-635176491L, 1471459747L, 503459752L, -2087177660L, 1796397161L, 
-498997672L, -118331214L, -749358646L, -1000366433L, 458567949L, 
-870127410L, 1137299310L, 1763019497L, -1890441154L, -1445835822L, 
855719102L, 161023121L, 2046299823L, -1720160L, -529014270L, 
-1675965843L, 999626925L, -661187829L, -2054640870L, 173539825L, 
1709730430L, -2050672975L, -660319492L, 363610965L, 1662336351L, 
-970029117L, 1184374398L, -1224910101L, 1202181144L, 32034323L, 
1980062986L, -1781347983L, -1956331051L, -1919546369L, 2138170634L, 
1044925469L, 1316650834L, 1912272025L, 1845136244L, 177225173L, 
836752079L, 1784147619L, 2132004962L, 212297895L, 1826226764L, 
-1793894565L, -282334838L, 1784279917L, 1723806733L, -2134001845L, 
