.Random.seed <-
c(403L, 10L, 616554478L, 157525704L, 29088203L, -291091415L, 
915593848L, 131631014L, -1143434815L, -1128495533L, 75533570L, 
1331199028L, 684973495L, -309612115L, 629494468L, -626194710L, 
55306581L, 244547311L, 499924214L, 1635347488L, 1560653283L, 
687689345L, 628386032L, -1518016626L, -1512253191L, 1663959691L, 
1282704058L, -530780740L, -643557633L, 1474091605L, -983163540L, 
-2134633022L, 775263773L, 1935281815L, 579635198L, 738628536L, 
-744124517L, -337160711L, -729262776L, 26222710L, -369308239L, 
709129187L, 611332274L, -399139580L, 1319992903L, -1808430819L, 
-1274804332L, 2129808186L, 13571973L, -1311521697L, 1834880742L, 
-1962527376L, 1285095059L, -331479247L, 1804959200L, -32183682L, 
137459977L, 2014649147L, -1595526390L, 394107628L, -1375348881L, 
31168677L, -567782820L, 1057858098L, 2079787309L, -152481817L, 
-1478822130L, -1532368664L, -1526482197L, -767372407L, 997175064L, 
791401030L, 825905825L, 658134323L, 1800121506L, 826819476L, 
-2144609769L, 603659789L, -1855177948L, -1124358390L, -410981771L, 
-1418815025L, -2088607018L, -1309292928L, 1332365507L, -1598871967L, 
315555536L, 28354606L, 919903705L, 1640219115L, 614122586L, -1452982756L, 
1149407007L, 67953525L, -1858090484L, 821283810L, -546703171L, 
652961591L, 314568670L, -1682711272L, 1098772603L, 2004674073L, 
1565085352L, -753304490L, -1279993647L, -1478359933L, -1851611374L, 
-2050112860L, 886279783L, -387514435L, 2116120884L, 483553946L, 
-1972113179L, -743918977L, 1890155526L, 281350032L, -1185320397L, 
-83744303L, -1263928448L, 195343966L, 282193321L, -1472709541L, 
1174611050L, -1289134836L, 1827487567L, -1924187131L, 1683415740L, 
1168061330L, -958893939L, -824031545L, -679112786L, 1069169160L, 
-274432501L, 782251753L, 2064961976L, 576089702L, -646780159L, 
1159314835L, 1711625794L, 1222691316L, 1658729463L, 2049001453L, 
-1516167036L, -462145878L, 500231189L, -801973073L, -1881533770L, 
83022048L, 2022136867L, -1779014847L, 1672506928L, -2063840178L, 
1677444281L, -2004893493L, -414798470L, 1046868092L, -1586506561L, 
-884760171L, 1941711276L, -1734083710L, -935411363L, 2066251863L, 
1648645950L, -1323950216L, 73184347L, 653476793L, 150077960L, 
1998235830L, -2102161423L, -468403677L, -260590990L, 1175857348L, 
1479523975L, 1355314781L, 1430886484L, 50883194L, 1609519557L, 
816055071L, 780054182L, 1258668080L, 1555751635L, -2108548879L, 
1888953376L, -605232450L, 1600046793L, 326567035L, 1434925642L, 
-2091057492L, -316458577L, 32248165L, 2092875548L, -1477008526L, 
-496656403L, -1477652441L, 895174734L, 63270056L, -1202355541L, 
1915619273L, 390855640L, 1616693894L, -1921029279L, 1064595187L, 
382841186L, 235253716L, 1588361943L, 1397358797L, 2147317860L, 
80959050L, 1367335861L, 246185743L, 1170996246L, 1538213568L, 
-2005950333L, -473654111L, 865186448L, 2057777518L, 1167306521L, 
94725035L, -1344646758L, 1543398748L, -1426154401L, -132701131L, 
-2145755188L, -381904094L, 28910973L, -1664997769L, 444776350L, 
-1738531240L, -634636357L, -2122662816L, 1052605708L, -221149472L, 
-906470046L, -236600664L, 134830668L, 334346108L, -1712690382L, 
-1551679888L, 1324825924L, -255755304L, -1506799494L, -1295882704L, 
-651982148L, -1193285804L, 579328578L, -111858784L, 2077739196L, 
-1529044528L, 59082082L, -2122050584L, -1411434548L, 93288188L, 
239947762L, -1517216640L, -2006361868L, 1657959560L, 1966433594L, 
255542096L, -955167636L, -2111209324L, 117971282L, -751616288L, 
1138077900L, 1660516512L, -252708478L, 246397160L, 331151596L, 
494352444L, 1269973106L, -1691473808L, -1438776796L, -836320712L, 
-167753190L, 1341599952L, 1847309884L, -201765740L, -2080828286L, 
-1650997312L, -165679812L, -2140512624L, -1328991198L, -1073541112L, 
-1983996788L, -1555808228L, 1615070354L, 1322544256L, 1892934676L, 
1428890408L, 1331868730L, 420162768L, 267146348L, -164841804L, 
-1023868910L, 1808154592L, -2028360756L, 1991876064L, -389084126L, 
-1782196952L, 1941043468L, -826044868L, 959431922L, -1288791824L, 
162764612L, 426020952L, 2014732858L, 550947056L, -607558980L, 
1138805268L, -1480946494L, 91838048L, -1982454404L, -1120951088L, 
-674950110L, -1750013784L, 965860748L, -189120068L, 814139442L, 
-499936448L, -1672208716L, -1439854264L, 1201722042L, 688725776L, 
1212293356L, 1545058388L, 1296877330L, -751484512L, -1043208244L, 
-1072914592L, 516246722L, -2039214552L, -1579374164L, 553149244L, 
-1616706702L, 700550960L, -685367260L, -1371546056L, -154651942L, 
-26839152L, 1531352316L, 1529802132L, -1481325758L, -1268643328L, 
1568524348L, 1184260688L, -1430003550L, 897409864L, 1976072716L, 
-972514596L, -1309462446L, -600470400L, -1426012332L, -1516593176L, 
-146672902L, -1341921456L, 787350572L, 518818164L, -658092398L, 
420921952L, 1869557900L, 1611321696L, 1559771362L, -1252479832L, 
202225356L, 575502844L, 270347186L, -647953424L, 2057765316L, 
-888980136L, 1315238266L, 537293232L, -314021444L, -778428844L, 
-163759678L, 941417248L, 825643964L, -303353776L, -1118594078L, 
-1986805912L, -1950075060L, -209129732L, -1324292366L, 929406208L, 
811998324L, 542051848L, -1687247430L, -339401264L, -202889236L, 
862546836L, 1337526482L, -1078791072L, -924668596L, -1788390624L, 
583420546L, -1999515160L, 1209179116L, 205360700L, -84375950L, 
401763184L, 1768795428L, -793667016L, 532038042L, -990908976L, 
442320316L, -896684396L, 1444835970L, -606540352L, 1429657404L, 
-611106160L, -591616222L, -849361400L, -555982068L, -431385700L, 
785013778L, -368465024L, -915346668L, 1278489896L, 1270792250L, 
-270240816L, -677676436L, 1316375604L, -1441730414L, -854091424L, 
2103991628L, 255899104L, 1194498978L, -704185432L, 170536076L, 
1687774140L, 972526706L, -1439684624L, 1459008580L, -385374120L, 
342773818L, -2015516560L, 1071124028L, -1132558572L, 1317300930L, 
-1547529504L, 828359804L, 178203856L, -559119454L, -1099956696L, 
1806160140L, -1780369476L, 2145698098L, 683350208L, 1844474420L, 
605498056L, -354741574L, 1003035792L, -532695316L, -1776503212L, 
-1280444782L, -1199511776L, -443902004L, 71575776L, -1046447109L, 
-178619444L, -1098746278L, 64740175L, -1280175591L, -1214386130L, 
553074236L, 1318777773L, -1157153705L, -2147010144L, -146038018L, 
258240971L, -257509427L, 1531460346L, -852025032L, -1201075487L, 
-1953809005L, -1141627468L, -578210110L, -1010116905L, -1995696351L, 
1931775718L, 882542564L, -877807851L, -1670107329L, 579586776L, 
2078650102L, -831682301L, 1690556997L, 1895062114L, -827246128L, 
-1896323335L, -636963797L, -279415908L, 884091850L, 689923263L, 
1079772681L, -764014818L, 1697314508L, -416672099L, -1111006425L, 
1070402896L, -1546030098L, 1821883547L, 1284216573L, -1300406806L, 
-50418040L, 1259788337L, -1987353949L, 1538140836L, -1699677358L, 
679613095L, -2011205903L, 1619754550L, -1276386604L, -738380187L, 
993895535L, -1115529560L, 1310522374L, -1758787277L, 1168725397L, 
-1318290958L, -1014008256L, 1578129321L, 2110577179L, 74707948L, 
1722848250L, 1792417839L, -81391559L, -1999707570L, -672439652L, 
-967907315L, -930171785L, -558455680L, 1794208478L, -283909717L, 
2142067373L, 209600282L, 1071194072L, 21343297L, 1586928371L, 
136568084L, -720131934L, 535061943L, -1992558207L, -1224884346L, 
-721588796L, -885601035L, -2129238689L, 207095736L, -1258116458L, 
-1005366109L, 158625381L, -868394110L, 1709185264L, -1957461863L, 
-2044618613L, 289227132L, -684343382L, -1476493345L, -1396183703L, 
1326207358L, 1528791404L, 668334525L, 741681799L, 1495756400L, 
-582568690L, 1646402107L, -2046041827L, -1799515190L, 1648643304L, 
2024730577L, -549355069L, -517494076L, 749971826L, 92091463L, 
1109579793L, -1018871402L, -1488972556L, 209870469L, -1613744177L, 
918648520L, -1361875098L, 1437832595L, -1400215819L, -1598978350L, 
1315754272L, 1381499145L, 53716539L, -1945928820L, 1066228250L, 
-387356017L, -1515670055L, -838526354L, 525060604L, -1403032723L, 
-2108443369L, -1302167328L, -1781172546L, -935906165L, 1448657677L, 
1071997754L, -1457759368L, 1963010337L, 1889468883L, -1893142284L, 
